52890
52890
2078
52890
52890
52890
52890
52890
52890
1209
1037
783
52890
52890
52890
1113
1132
1026
52890
52890
52890
52890
52890
52890
1195
52890
1027
52890
52890
52890
52890
1034
1070
1218
52890
52890
7835
52890
52890
52890
52890
52890
52890
52890
52890
52890
52890
2069
1268
52890
52890
2484
52890
2339
52890
52890
52890
52890
52890
52890
52890
2328
2631
52890
2329
2640
2526
2663
52890
2518
52890
2548
2612
52890
52890
52890
2334
52890
52890
2354
2340
2623
2681
52890
2755
2711
52890
2661
52890
2669
2713
52890
2725
2772
2650
2649
2746
2733
2802
2574
2728
2755
2726
2718
2740
2754
2738
2803
2815
2563
2867
2581
2789
2571
2777
2587
2584
2600
2562
2809
2573
2588
2599
2584
2891
2903
2579
2912
2872
2966
2962
2974
2891
2968
2981
2950
2954
2935
2988
2965
2931
2997
2956
3010
3060
2996
3002
3032
3034
3013
3046
3053
2827
3056
3033
3043
3054
3046
2819
2863
2820
2827
2852
2860
3124
3150
3139
3144
3132
2858
3166
3162
3175
3148
3176
3158
3140
3189
3211
3189
3188
3201
3233
3289
3191
52890
52890
52890
52890
3255
3236
3259
3222
3194
3281
3274
3245
3312
3287
3293
3294
3311
3320
3319
3293
3284
3315
3315
3282
3080
3079
3326
3321
3306
3118
3380
3392
3086
3384
3451
3418
3513
3513
3512
3510
3549
3537
3538
3504
3494
3549
3534
3531
3556
3572
3532
3492
3543
3543
3525
3530
3536
3506
3518
3544
3560
3360
3537
3564
3451
3451
3433
3504
3460
3477
3502
3467
3478
3506
3477
3532
3490
3530
3468
3476
3491
3514
3518
3451
3509
3483
3523
3499
3544
3339
3459
3465
3516
3537
3547
3509
3453
3504
52890
3525
3473
3488
3568
3504
3526
3514
3452
3448
3505
3386
3484
3461
52890
52890
3412
3557
3479
3480
3515
3540
3501
52890
3492
3526
52890
52890
52890
3872
52890
52890
52890
52890
3297
52890
3299
3099
3389
3298
3476
3088
3477
52890
3270
52890
3114
3438
3304
52890
52890
3440
52890
52890
3418
3116
3480
3122
3440
3457
3388
3311
3122
3102
3453
3393
3453
52890
3415
3082
52890
3438
3434
52890
52890
3309
52890
52890
3114
52890
52890
3313
3412
3312
52890
52890
3287
3093
52890
52890
52890
52890
52890
3115
52890
3421
52890
52890
3286
52890
52890
3212
3258
3245
52890
52890
3077
52890
52890
3293
3298
52890
3223
52890
52890
52890
52890
52890
52890
3200
52890
52890
52890
52890
52890
3160
52890
52890
3197
52890
52890
52890
52890
52890
3179
52890
3123
52890
52890
52890
52890
52890
52890
52890
52890
6075
52890
3170
52890
52890
52890
52890
52890
52890
52890
52890
52890
6089
6021
52890
6076
6033
6027
6056
52890
52890
52890
52890
52890
5978
5999
52890
52890
52890
6020
52890
52890
52890
5947
52890
52890
52890
5989
52890
5952
52890
52890
52890
52890
5953
5863
5793
5778
52890
5872
52890
52890
52890
52890
52890
52890
5877
52890
52890
52890
52890
52890
52890
52890
52890
5774
5739
52890
52890
52890
52890
5424
5409
52890
52890
52890
5394
52890
52890
52890
5377
52890
5477
52890
52890
52890
52890
52890
52890
52890
52890
52890
52890
52890
52890
52890
52890
1156
1206
52890
1209
52890
1234
52890
52890
52890
52890
52890
52890
1034
52890
52890
52890
52890
52890
52890
52890
52890
52890
1052
52890
52890
52890
52890
52890
52890
52890
52890
52890
52890
52890
52890
52890
52890
52890
52890
52890
52890
52890
52890
52890
52890
52890
52890
52890
2539
52890
2316
52890
2342
2543
2543
2549
2313
2337
2338
52890
2306
2340
2345
2348
2353
2626
2642
2635
52890
2650
2659
2676
2686
2694
2691
2664
2666
2681
2690
2693
2720
2692
2703
2696
2731
2721
2718
2738
2748
2754
2760
2754
2761
2777
2790
2798
2810
2806
2805
2815
2806
2566
2561
2580
2580
2573
2587
2596
2869
2604
2867
2872
2610
2882
2888
2901
2914
2938
2931
2916
2921
2939
2948
2955
2965
2967
2964
2968
2972
2990
3005
3013
3004
3003
3014
3017
3022
3028
3037
3038
3053
3062
2816
2821
2819
2828
2834
2838
2839
2843
2850
2857
3128
3131
3131
3133
3143
3154
3162
3165
3174
3173
3180
3184
3190
3190
3206
3220
3220
3219
3206
3207
3227
52890
52890
52890
52890
52890
3250
52890
3245
3257
3269
3283
3290
3294
3290
3295
3303
3312
3311
3314
3321
3326
3324
3326
3080
3088
3096
3096
3100
3109
3380
3120
3379
3386
3408
3415
3422
3454
3495
3517
3524
3527
3530
3533
3533
3534
3530
3545
3550
3547
3530
3531
3537
3546
3553
3549
3548
3548
3558
3562
3573
3330
3331
52890
3527
3502
3491
3492
3491
3486
3485
3502
3502
3503
3507
3510
3509
3501
3509
3499
3493
3504
3507
3513
3515
3523
3517
3515
3528
3514
3514
3517
3522
3512
3521
3528
3518
3505
3510
3537
3531
3527
3524
3532
3534
3533
3501
3525
3504
3496
3492
3508
3532
3500
3488
3507
3537
3515
3512
3509
3495
3485
3487
3495
3498
3531
52890
52890
52890
52890
52890
52890
52890
3088
52890
3303
3380
52890
52890
3451
3449
52890
3424
52890
52890
52890
52890
3415
3433
52890
52890
52890
52890
3462
3452
3442
3423
3414
3400
3405
3113
3379
3433
52890
3456
52890
52890
3397
3396
3419
52890
52890
52890
3119
3106
3386
52890
52890
52890
52890
3094
3312
3315
3327
3095
3079
3081
3325
3323
3313
3317
52890
52890
52890
52890
3098
3089
3089
3322
3299
3257
3278
52890
3312
52890
52890
52890
52890
52890
52890
52890
52890
52890
3287
52890
52890
52890
52890
52890
52890
52890
52890
52890
52890
52890
52890
52890
52890
52890
52890
52890
52890
3228
52890
52890
52890
52890
52890
52890
52890
52890
52890
52890
52890
52890
52890
52890
52890
52890
52890
52890
52890
52890
52890
52890
52890
52890
52890
52890
52890
52890
52890
52890
6044
6051
52890
52890
5973
52890
5973
52890
5979
5951
52890
5681
5673
5681
52890
5679
5944
5950
5681
5651
5884
52890
5882
5872
5877
5864
5859
52890
52890
5858
5845
5836
5866
5875
5847
5822
5799
5817
5793
5807
5719
5708
5713
5691
5736
5727
52890
52890
52890
5683
52890
52890
5419
5397
52890
5425
52890
52890
52890
52890
5576
52890
52890
52890
52890
1227
1152
1088
52890
1178
52890
52890
52890
1253
1207
52890
52890
1215
1147
52890
1175
1173
52890
52890
52890
52890
52890
1255
1263
1259
52890
1279
52890
52890
52890
52890
52890
1234
52890
52890
52890
52890
52890
52890
52890
52890
52890
1333
52890
52890
52890
52890
52890
52890
52890
52890
52890
52890
52890
52890
52890
52890
52890
52890
52890
52890
52890
52890
2316
52890
52890
2550
2555
2336
2340
2337
2329
2329
2321
2340
2354
2629
2655
2655
2620
2621
2639
2669
2666
2679
2684
2673
2647
2668
2688
2692
2699
2701
2701
2695
2710
2707
2707
2714
2731
2736
2744
2750
2754
2762
2780
2791
2791
2787
2793
2801
2800
2810
2813
2575
2580
2583
2576
2579
2606
2868
2868
2875
2876
2868
2872
2886
2897
2910
2923
2922
2918
2918
2930
2952
2968
2971
2967
2965
2969
2989
3006
3010
3011
3005
3004
3008
3012
3022
3032
3033
3040
3055
2821
2826
2826
2826
2832
2834
2835
2844
2844
2850
2852
3126
3129
3133
3136
3149
3156
3158
3164
3177
3181
3191
3191
3195
3194
3213
3234
3230
3216
3201
3210
3220
3244
52890
52890
52890
52890
52890
3246
3253
3259
3274
3282
3290
3292
3293
3298
3307
3310
3311
3313
3323
3075
3077
3084
3089
3098
3106
3109
3113
3115
3117
3121
3386
3398
3403
3401
3402
3415
3450
3501
3509
3516
3523
3536
3538
3542
3537
3552
3551
3541
3534
3536
3547
3552
3559
3558
3566
3578
3572
3567
3573
3339
3347
3345
3337
3572
3537
3519
3506
3498
3505
3511
3512
3510
3508
3514
3517
3514
3523
3522
3508
3502
3515
3525
3525
3522
3519
3532
3521
3519
3526
3536
3529
3507
3524
3536
3548
3529
3522
3524
3539
3538
3533
3533
3547
3545
3539
3528
3524
3523
3514
3525
3503
3510
3522
3507
3513
3521
3510
3508
3498
3499
3502
3487
3546
3501
3510
52890
52890
52890
52890
52890
3443
3446
3312
52890
52890
3436
3454
3459
3469
52890
3430
52890
52890
3459
3422
3406
52890
52890
3492
52890
52890
52890
52890
52890
3429
3416
3415
3414
3406
3421
52890
52890
3465
52890
52890
3402
3399
3426
52890
52890
52890
52890
3392
3117
52890
52890
52890
52890
3322
52890
3318
3075
3072
3094
3104
3106
3086
3077
3077
52890
52890
52890
52890
52890
3112
3094
3083
3325
3316
3320
3315
3326
52890
52890
52890
52890
52890
3317
52890
52890
52890
52890
52890
52890
3311
3316
52890
52890
52890
52890
52890
52890
52890
52890
52890
52890
52890
52890
52890
52890
52890
3242
52890
52890
52890
52890
52890
52890
52890
52890
52890
52890
52890
6130
52890
52890
52890
52890
52890
52890
52890
52890
52890
52890
52890
52890
52890
52890
52890
6049
6026
52890
6076
6063
6055
52890
5989
52890
5970
5947
5983
5953
52890
5669
52890
5657
5661
5958
52890
52890
52890
5640
5669
5668
5659
5646
5641
52890
5881
5881
5884
5861
52890
5875
5860
52890
5837
5851
5844
52890
52890
5747
5782
5732
5742
5771
5755
5731
52890
52890
52890
5691
52890
52890
52890
52890
52890
5377
5580
52890
52890
52890
52890
5577
52890
52890
1176
1088
1134
1138
52890
1199
1203
1225
52890
1229
1204
52890
1207
1216
1160
1144
52890
52890
52890
52890
52890
1051
52890
1265
1255
1248
52890
1061
52890
52890
52890
52890
52890
52890
1029
52890
52890
52890
52890
52890
52890
52890
52890
52890
52890
52890
52890
52890
52890
52890
52890
52890
52890
52890
52890
52890
52890
52890
52890
52890
52890
52890
52890
52890
2527
52890
52890
2309
52890
2335
2342
2340
2340
...
...
（文件超长，未完全显示，请下载后阅读剩余部分）